1746585432756 0.02245614035087719 20
1746585584710 0.04491228070175438 40
1746585737381 0.06736842105263158 60
1746585892571 0.08982456140350877 80
1746586047004 0.11228070175438597 100
1746586200279 0.13473684210526315 120
1746586357387 0.15719298245614036 140
1746586512797 0.17964912280701753 160
1746586673397 0.20210526315789473 180
1746586831292 0.22456140350877193 200
1746586985675 0.24701754385964914 220
1746587140755 0.2694736842105263 240
1746587291930 0.2919298245614035 260
1746587451883 0.3143859649122807 280
1746587602893 0.3368421052631579 300
1746587757018 0.35929824561403506 320
1746587916949 0.3817543859649123 340
1746588070683 0.40421052631578946 360
1746588224490 0.4266666666666667 380
1746588381801 0.44912280701754387 400
1746588533770 0.47157894736842104 420
1746588687865 0.49403508771929827 440
1746588837964 0.5164912280701754 460
1746588995471 0.5389473684210526 480
1746589150907 0.5614035087719298 500
1746589300343 0.583859649122807 520
1746589454566 0.6063157894736843 540
1746589605525 0.6287719298245614 560
1746589764721 0.6512280701754386 580
1746589911973 0.6736842105263158 600
1746590068045 0.696140350877193 620
1746590230047 0.7185964912280701 640
1746590389572 0.7410526315789474 660
1746590547832 0.7635087719298246 680
1746590697383 0.7859649122807018 700
1746590856548 0.8084210526315789 720
1746591017106 0.8308771929824561 740
1746591175319 0.8533333333333334 760
1746591333087 0.8757894736842106 780
1746591495892 0.8982456140350877 800
1746591655414 0.9207017543859649 820
1746591807235 0.9431578947368421 840
1746591964031 0.9656140350877193 860
1746592121150 0.9880701754385965 880
1746592274877 1.0101052631578948 900
1746592433824 1.032561403508772 920
1746592587773 1.0550175438596492 940
1746592742784 1.0774736842105264 960
1746592899590 1.0999298245614035 980
1746593051083 1.1223859649122807 1000
1746593205205 1.1448421052631579 1020
1746593361364 1.167298245614035 1040
1746593518553 1.1897543859649122 1060
1746593670451 1.2122105263157894 1080
1746593828248 1.2346666666666666 1100
1746593986624 1.2571228070175438 1120
1746594134912 1.279578947368421 1140
1746594289341 1.3020350877192983 1160
1746594439538 1.3244912280701755 1180
1746594591667 1.3469473684210527 1200
1746594752003 1.3694035087719298 1220
1746594914101 1.391859649122807 1240
1746595066558 1.4143157894736842 1260
1746595215719 1.4367719298245614 1280
1746595367487 1.4592280701754385 1300
1746595527576 1.4816842105263157 1320
1746595647879 1.4985263157894737 1335
