1746585432756 9.111560821533203 20
1746585584710 3.465017080307007 40
1746585737381 2.648658514022827 60
1746585892571 2.079418897628784 80
1746586047004 2.168055772781372 100
1746586200279 2.242945671081543 120
1746586357387 2.091601848602295 140
1746586512797 2.4606142044067383 160
1746586673397 2.467458963394165 180
1746586831292 3.3737473487854004 200
1746586985675 2.749263286590576 220
1746587140755 2.4060134887695312 240
1746587291930 2.6448912620544434 260
1746587451883 2.451714038848877 280
1746587602893 2.4108712673187256 300
1746587757018 2.5263242721557617 320
1746587916949 2.9671404361724854 340
1746588070683 2.8462514877319336 360
1746588224490 3.228590250015259 380
1746588381801 2.5752294063568115 400
1746588533770 2.6817526817321777 420
1746588687865 2.3780229091644287 440
1746588837964 3.363662004470825 460
1746588995471 2.8310306072235107 480
1746589150907 3.3739683628082275 500
1746589300343 2.861556053161621 520
1746589454566 2.895390510559082 540
1746589605525 2.97947096824646 560
1746589764721 3.1422321796417236 580
1746589911973 3.0653131008148193 600
1746590068045 3.709641933441162 620
1746590230047 2.946779251098633 640
1746590389572 3.174957036972046 660
1746590547832 3.1998226642608643 680
1746590697383 3.2804505825042725 700
1746590856548 3.7015328407287598 720
1746591017106 3.2200684547424316 740
1746591175319 2.752288341522217 760
1746591333087 3.462750196456909 780
1746591495892 3.540475845336914 800
1746591655414 3.384458541870117 820
1746591807235 3.117292642593384 840
1746591964031 3.3251163959503174 860
1746592121150 3.4520797729492188 880
1746592274877 3.457014560699463 900
1746592433824 4.008735656738281 920
1746592587773 3.5691425800323486 940
1746592742784 3.8686680793762207 960
1746592899590 4.246957778930664 980
1746593051083 4.016059875488281 1000
1746593205205 3.654787302017212 1020
1746593361364 4.269991397857666 1040
1746593518553 4.002285003662109 1060
1746593670451 3.7875607013702393 1080
1746593828248 4.0976996421813965 1100
1746593986624 3.9993531703948975 1120
1746594134912 5.3978400230407715 1140
1746594289341 4.176976203918457 1160
1746594439538 4.546407222747803 1180
1746594591667 3.8159854412078857 1200
1746594752003 3.606544017791748 1220
1746594914101 3.9642765522003174 1240
1746595066558 3.6999871730804443 1260
1746595215719 4.565295219421387 1280
1746595367487 4.125853061676025 1300
1746595527576 3.9279768466949463 1320
