1746585432756 2.3170731707317075e-05 20
1746585584710 4.75609756097561e-05 40
1746585737381 4.930448222565688e-05 60
1746585892571 4.853168469860897e-05 80
1746586047004 4.7758887171561054e-05 100
1746586200279 4.698608964451314e-05 120
1746586357387 4.6213292117465226e-05 140
1746586512797 4.544049459041731e-05 160
1746586673397 4.46676970633694e-05 180
1746586831292 4.3894899536321485e-05 200
1746586985675 4.312210200927357e-05 220
1746587140755 4.234930448222566e-05 240
1746587291930 4.1576506955177744e-05 260
1746587451883 4.080370942812983e-05 280
1746587602893 4.0030911901081916e-05 300
1746587757018 3.9258114374034e-05 320
1746587916949 3.848531684698609e-05 340
1746588070683 3.7712519319938175e-05 360
1746588224490 3.693972179289026e-05 380
1746588381801 3.616692426584235e-05 400
1746588533770 3.5394126738794434e-05 420
1746588687865 3.462132921174652e-05 440
1746588837964 3.3848531684698606e-05 460
1746588995471 3.307573415765069e-05 480
1746589150907 3.230293663060278e-05 500
1746589300343 3.1530139103554865e-05 520
1746589454566 3.075734157650695e-05 540
1746589605525 2.9984544049459044e-05 560
1746589764721 2.921174652241113e-05 580
1746589911973 2.8438948995363217e-05 600
1746590068045 2.7666151468315303e-05 620
1746590230047 2.689335394126739e-05 640
1746590389572 2.6120556414219475e-05 660
1746590547832 2.5347758887171562e-05 680
1746590697383 2.4574961360123648e-05 700
1746590856548 2.3802163833075734e-05 720
1746591017106 2.302936630602782e-05 740
1746591175319 2.2256568778979907e-05 760
1746591333087 2.1483771251931993e-05 780
1746591495892 2.071097372488408e-05 800
1746591655414 1.9938176197836165e-05 820
1746591807235 1.916537867078825e-05 840
1746591964031 1.839258114374034e-05 860
1746592121150 1.7619783616692428e-05 880
1746592274877 1.6846986089644514e-05 900
1746592433824 1.60741885625966e-05 920
1746592587773 1.5301391035548686e-05 940
1746592742784 1.4528593508500774e-05 960
1746592899590 1.375579598145286e-05 980
1746593051083 1.2982998454404947e-05 1000
1746593205205 1.2210200927357033e-05 1020
1746593361364 1.143740340030912e-05 1040
1746593518553 1.0664605873261205e-05 1060
1746593670451 9.891808346213292e-06 1080
1746593828248 9.119010819165378e-06 1100
1746593986624 8.346213292117466e-06 1120
1746594134912 7.573415765069553e-06 1140
1746594289341 6.800618238021639e-06 1160
1746594439538 6.0278207109737254e-06 1180
1746594591667 5.255023183925812e-06 1200
1746594752003 4.482225656877898e-06 1220
1746594914101 3.7094281298299846e-06 1240
1746595066558 2.9366306027820713e-06 1260
1746595215719 2.1638330757341575e-06 1280
1746595367487 1.3910355486862442e-06 1300
1746595527576 6.182380216383307e-07 1320
