1746585432756 6.7973 20
1746585584710 3.4488 40
1746585737381 2.2672 60
1746585892571 2.1049 80
1746586047004 2.0321 100
1746586200279 1.8673 120
1746586357387 1.8831 140
1746586512797 1.8763 160
1746586673397 1.8543 180
1746586831292 1.8047 200
1746586985675 1.7995 220
1746587140755 1.7932 240
1746587291930 1.7161 260
1746587451883 1.7568 280
1746587602893 1.7359 300
1746587757018 1.7615 320
1746587916949 1.7931 340
1746588070683 1.7062 360
1746588224490 1.7274 380
1746588381801 1.6425 400
1746588533770 1.666 420
1746588687865 1.6673 440
1746588837964 1.7478 460
1746588995471 1.6948 480
1746589150907 1.6821 500
1746589300343 1.6738 520
1746589454566 1.6017 540
1746589605525 1.6146 560
1746589764721 1.6413 580
1746589911973 1.6119 600
1746590068045 1.6854 620
1746590230047 1.6496 640
1746590389572 1.6773 660
1746590547832 1.6112 680
1746590697383 1.609 700
1746590856548 1.5841 720
1746591017106 1.6771 740
1746591175319 1.6268 760
1746591333087 1.6235 780
1746591495892 1.6497 800
1746591655414 1.6142 820
1746591807235 1.5313 840
1746591964031 1.6342 860
1746592121150 1.6073 880
1746592274877 1.507 900
1746592433824 1.5175 920
1746592587773 1.4014 940
1746592742784 1.4026 960
1746592899590 1.4403 980
1746593051083 1.4538 1000
1746593205205 1.3812 1020
1746593361364 1.444 1040
1746593518553 1.4179 1060
1746593670451 1.393 1080
1746593828248 1.3834 1100
1746593986624 1.432 1120
1746594134912 1.3977 1140
1746594289341 1.4247 1160
1746594439538 1.4158 1180
1746594591667 1.4092 1200
1746594752003 1.3544 1220
1746594914101 1.4053 1240
1746595066558 1.409 1260
1746595215719 1.3546 1280
1746595367487 1.3545 1300
1746595527576 1.3572 1320
